0 10
0.01 10
0.02 10
0.029999999999999999 10
0.040000000000000001 10
0.050000000000000003 10
0.060000000000000005 10
0.070000000000000007 10
0.080000000000000002 10
0.089999999999999997 10
0.099999999999999992 10
0.10999999999999999 19
0.11999999999999998 20
0.12999999999999998 20
0.13999999999999999 20
0.14999999999999999 20
0.16 20
0.17000000000000001 20
0.18000000000000002 20
0.19000000000000003 20
0.20000000000000004 20
0.21000000000000005 27
0.22000000000000006 36
0.23000000000000007 40
0.24000000000000007 40
0.25000000000000006 40
0.26000000000000006 40
0.27000000000000007 40
0.28000000000000008 40
0.29000000000000009 40
0.3000000000000001 40
0.31000000000000011 46
0.32000000000000012 55
0.33000000000000013 63
0.34000000000000014 71
0.35000000000000014 79
0.36000000000000015 80
0.37000000000000016 80
0.38000000000000017 80
0.39000000000000018 80
0.40000000000000019 80
0.4100000000000002 85
0.42000000000000021 93
0.43000000000000022 102
0.44000000000000022 110
0.45000000000000023 118
0.46000000000000024 121
0.47000000000000025 121
0.48000000000000026 122
0.49000000000000027 122
0.50000000000000022 122
0.51000000000000023 123
0.52000000000000024 123
0.53000000000000025 123
0.54000000000000026 124
0.55000000000000027 124
0.56000000000000028 125
0.57000000000000028 125
0.58000000000000029 126
0.5900000000000003 126
0.60000000000000031 126
0.61000000000000032 127
0.62000000000000033 127
0.63000000000000034 128
0.64000000000000035 128
0.65000000000000036 128
0.66000000000000036 129
0.67000000000000037 129
0.68000000000000038 130
0.69000000000000039 130
0.7000000000000004 130
0.71000000000000041 131
0.72000000000000042 131
0.73000000000000043 132
0.74000000000000044 132
0.75000000000000044 132
0.76000000000000045 132
0.77000000000000046 132
0.78000000000000047 132
0.79000000000000048 132
0.80000000000000049 132
0.8100000000000005 132
0.82000000000000051 132
0.83000000000000052 132
0.84000000000000052 132
0.85000000000000053 132
0.86000000000000054 132
0.87000000000000055 132
0.88000000000000056 132
0.89000000000000057 132
0.90000000000000058 132
0.91000000000000059 132
0.9200000000000006 132
0.9300000000000006 132
0.94000000000000061 132
0.95000000000000062 132
0.96000000000000063 132
0.97000000000000064 132
0.98000000000000065 132
0.99000000000000066 132
1.0000000000000007 132
1.0100000000000007 132
1.0200000000000007 132
1.0300000000000007 132
1.0400000000000007 132
1.0500000000000007 132
1.0600000000000007 132
1.0700000000000007 132
1.0800000000000007 132
1.0900000000000007 132
1.1000000000000008 132
1.1100000000000008 132
1.1200000000000008 132
1.1300000000000008 132
1.1400000000000008 132
1.1500000000000008 132
1.1600000000000008 132
1.1700000000000008 132
1.1800000000000008 132
1.1900000000000008 132
1.2000000000000008 132
1.2100000000000009 132
1.2200000000000009 132
1.2300000000000009 132
1.2400000000000009 132
1.2500000000000009 132
1.2600000000000009 132
1.2700000000000009 132
1.2800000000000009 132
1.2900000000000009 132
1.3000000000000009 132
1.3100000000000009 132
1.320000000000001 132
1.330000000000001 132
1.340000000000001 132
1.350000000000001 132
1.360000000000001 132
1.370000000000001 132
1.380000000000001 132
1.390000000000001 132
1.400000000000001 132
1.410000000000001 132
1.420000000000001 132
1.430000000000001 132
1.4400000000000011 132
1.4500000000000011 132
1.4600000000000011 132
1.4700000000000011 132
1.4800000000000011 132
1.4900000000000011 132
1.5000000000000011 132
1.5100000000000011 132
1.5200000000000011 132
1.5300000000000011 132
1.5400000000000011 132
1.5500000000000012 132
1.5600000000000012 132
1.5700000000000012 132
1.5800000000000012 132
1.5900000000000012 132
1.6000000000000012 132
1.6100000000000012 132
1.6200000000000012 132
1.6300000000000012 132
1.6400000000000012 132
1.6500000000000012 132
1.6600000000000013 132
1.6700000000000013 132
1.6800000000000013 132
1.6900000000000013 132
1.7000000000000013 132
1.7100000000000013 132
1.7200000000000013 132
1.7300000000000013 132
1.7400000000000013 132
1.7500000000000013 132
1.7600000000000013 132
1.7700000000000014 132
1.7800000000000014 132
1.7900000000000014 132
1.8000000000000014 132
1.8100000000000014 132
1.8200000000000014 132
1.8300000000000014 132
1.8400000000000014 132
1.8500000000000014 132
1.8600000000000014 132
1.8700000000000014 132
1.8800000000000014 132
1.8900000000000015 132
1.9000000000000015 132
1.9100000000000015 132
1.9200000000000015 132
1.9300000000000015 132
1.9400000000000015 132
1.9500000000000015 132
1.9600000000000015 132
1.9700000000000015 132
1.9800000000000015 132
1.9900000000000015 132
2.0000000000000013 132
2.0100000000000011 132
2.0200000000000009 132
2.0300000000000007 132
2.0400000000000005 132
2.0500000000000003 132
2.0600000000000001 132
2.0699999999999998 132
2.0799999999999996 132
2.0899999999999994 132
2.0999999999999992 132
2.109999999999999 132
2.1199999999999988 132
2.1299999999999986 132
2.1399999999999983 132
2.1499999999999981 132
2.1599999999999979 132
2.1699999999999977 132
2.1799999999999975 132
2.1899999999999973 132
2.1999999999999971 132
2.2099999999999969 132
2.2199999999999966 132
2.2299999999999964 132
2.2399999999999962 132
2.249999999999996 132
2.2599999999999958 132
2.2699999999999956 132
2.2799999999999954 132
2.2899999999999952 132
2.2999999999999949 132
2.3099999999999947 132
2.3199999999999945 132
2.3299999999999943 132
2.3399999999999941 132
2.3499999999999939 132
2.3599999999999937 132
2.3699999999999934 132
2.3799999999999932 132
2.389999999999993 132
2.3999999999999928 132
2.4099999999999926 132
2.4199999999999924 132
2.4299999999999922 132
2.439999999999992 132
2.4499999999999917 132
2.4599999999999915 132
2.4699999999999913 132
2.4799999999999911 132
2.4899999999999909 132
2.4999999999999907 132
2.5099999999999905 132
2.5199999999999902 132
2.52999999999999 132
2.5399999999999898 132
2.5499999999999896 132
2.5599999999999894 132
2.5699999999999892 132
2.579999999999989 132
2.5899999999999888 132
2.5999999999999885 132
2.6099999999999883 132
2.6199999999999881 132
2.6299999999999879 132
2.6399999999999877 132
2.6499999999999875 132
2.6599999999999873 132
2.6699999999999871 132
2.6799999999999868 132
2.6899999999999866 132
2.6999999999999864 132
2.7099999999999862 132
2.719999999999986 132
2.7299999999999858 132
2.7399999999999856 132
2.7499999999999853 132
2.7599999999999851 132
2.7699999999999849 132
2.7799999999999847 132
2.7899999999999845 132
2.7999999999999843 132
2.8099999999999841 132
2.8199999999999839 132
2.8299999999999836 132
2.8399999999999834 132
2.8499999999999832 132
2.859999999999983 132
2.8699999999999828 132
2.8799999999999826 132
2.8899999999999824 132
2.8999999999999821 132
2.9099999999999819 132
2.9199999999999817 132
2.9299999999999815 132
2.9399999999999813 132
2.9499999999999811 132
2.9599999999999809 132
2.9699999999999807 132
2.9799999999999804 132
2.9899999999999802 132
2.99999999999998 132
3.0099999999999798 132
3.0199999999999796 132
3.0299999999999794 132
3.0399999999999792 132
3.049999999999979 132
3.0599999999999787 132
3.0699999999999785 132
3.0799999999999783 132
3.0899999999999781 132
3.0999999999999779 132
3.1099999999999777 132
3.1199999999999775 132
3.1299999999999772 132
3.139999999999977 132
3.1499999999999768 132
3.1599999999999766 132
3.1699999999999764 132
3.1799999999999762 132
3.189999999999976 132
3.1999999999999758 132
3.2099999999999755 132
3.2199999999999753 132
3.2299999999999751 132
3.2399999999999749 132
3.2499999999999747 132
3.2599999999999745 132
3.2699999999999743 132
3.279999999999974 132
3.2899999999999738 132
3.2999999999999736 132
3.3099999999999734 132
3.3199999999999732 132
3.329999999999973 132
3.3399999999999728 132
3.3499999999999726 132
3.3599999999999723 132
3.3699999999999721 132
3.3799999999999719 132
3.3899999999999717 132
3.3999999999999715 132
3.4099999999999713 132
3.4199999999999711 132
3.4299999999999708 132
3.4399999999999706 132
3.4499999999999704 132
3.4599999999999702 132
3.46999999999997 132
3.4799999999999698 132
3.4899999999999696 132
3.4999999999999694 132
3.5099999999999691 132
3.5199999999999689 132
3.5299999999999687 132
3.5399999999999685 132
3.5499999999999683 132
3.5599999999999681 132
3.5699999999999679 132
3.5799999999999677 132
3.5899999999999674 132
3.5999999999999672 132
3.609999999999967 132
3.6199999999999668 132
3.6299999999999666 132
3.6399999999999664 132
3.6499999999999662 132
3.6599999999999659 132
3.6699999999999657 132
3.6799999999999655 132
3.6899999999999653 132
3.6999999999999651 132
3.7099999999999649 132
3.7199999999999647 132
3.7299999999999645 132
3.7399999999999642 132
3.749999999999964 132
3.7599999999999638 132
3.7699999999999636 132
3.7799999999999634 132
3.7899999999999632 132
3.799999999999963 132
3.8099999999999627 132
3.8199999999999625 132
3.8299999999999623 132
3.8399999999999621 132
3.8499999999999619 132
3.8599999999999617 132
3.8699999999999615 132
3.8799999999999613 132
3.889999999999961 132
3.8999999999999608 132
3.9099999999999606 132
3.9199999999999604 132
3.9299999999999602 132
3.93999999999996 132
3.9499999999999598 132
3.9599999999999596 132
3.9699999999999593 132
3.9799999999999591 132
3.9899999999999589 132
3.9999999999999587 132
4.0099999999999589 132
4.0199999999999587 132
4.0299999999999585 132
4.0399999999999583 132
4.0499999999999581 132
4.0599999999999579 132
4.0699999999999577 132
4.0799999999999574 132
4.0899999999999572 132
4.099999999999957 132
4.1099999999999568 132
4.1199999999999566 132
4.1299999999999564 132
4.1399999999999562 132
4.1499999999999559 132
4.1599999999999557 132
4.1699999999999555 132
4.1799999999999553 132
4.1899999999999551 132
4.1999999999999549 132
4.2099999999999547 132
4.2199999999999545 132
4.2299999999999542 132
4.239999999999954 132
4.2499999999999538 132
4.2599999999999536 132
4.2699999999999534 132
4.2799999999999532 132
4.289999999999953 132
4.2999999999999527 132
4.3099999999999525 132
4.3199999999999523 132
4.3299999999999521 132
4.3399999999999519 132
4.3499999999999517 132
4.3599999999999515 132
4.3699999999999513 132
4.379999999999951 132
4.3899999999999508 132
4.3999999999999506 132
4.4099999999999504 132
4.4199999999999502 132
4.42999999999995 132
4.4399999999999498 132
4.4499999999999496 132
4.4599999999999493 132
4.4699999999999491 132
4.4799999999999489 132
4.4899999999999487 132
4.4999999999999485 132
4.5099999999999483 132
4.5199999999999481 132
4.5299999999999478 132
4.5399999999999476 132
4.5499999999999474 132
4.5599999999999472 132
4.569999999999947 132
4.5799999999999468 132
4.5899999999999466 132
4.5999999999999464 132
4.6099999999999461 132
4.6199999999999459 132
4.6299999999999457 132
4.6399999999999455 132
4.6499999999999453 132
4.6599999999999451 132
4.6699999999999449 132
4.6799999999999446 132
4.6899999999999444 132
4.6999999999999442 132
4.709999999999944 132
4.7199999999999438 132
4.7299999999999436 132
4.7399999999999434 132
4.7499999999999432 132
4.7599999999999429 132
4.7699999999999427 132
4.7799999999999425 132
4.7899999999999423 132
4.7999999999999421 132
4.8099999999999419 132
4.8199999999999417 132
4.8299999999999415 132
4.8399999999999412 132
4.849999999999941 132
4.8599999999999408 132
4.8699999999999406 132
4.8799999999999404 132
4.8899999999999402 132
4.89999999999994 132
4.9099999999999397 132
4.9199999999999395 132
4.9299999999999393 132
4.9399999999999391 132
4.9499999999999389 132
4.9599999999999387 132
4.9699999999999385 132
4.9799999999999383 132
4.989999999999938 132
4.9999999999999378 132
5.0099999999999376 132
5.0199999999999374 132
5.0299999999999372 132
5.039999999999937 132
5.0499999999999368 132
5.0599999999999365 132
5.0699999999999363 132
5.0799999999999361 132
5.0899999999999359 132
5.0999999999999357 132
5.1099999999999355 132
5.1199999999999353 132
5.1299999999999351 132
5.1399999999999348 132
5.1499999999999346 132
5.1599999999999344 132
5.1699999999999342 132
5.179999999999934 132
5.1899999999999338 132
5.1999999999999336 132
5.2099999999999334 132
5.2199999999999331 132
5.2299999999999329 132
5.2399999999999327 132
5.2499999999999325 132
5.2599999999999323 132
5.2699999999999321 132
5.2799999999999319 132
5.2899999999999316 132
5.2999999999999314 132
5.3099999999999312 132
5.319999999999931 132
5.3299999999999308 132
5.3399999999999306 132
5.3499999999999304 132
5.3599999999999302 132
5.3699999999999299 132
5.3799999999999297 132
5.3899999999999295 132
5.3999999999999293 132
5.4099999999999291 132
5.4199999999999289 132
5.4299999999999287 132
5.4399999999999284 132
5.4499999999999282 132
5.459999999999928 132
5.4699999999999278 132
5.4799999999999276 132
5.4899999999999274 132
5.4999999999999272 132
5.509999999999927 132
5.5199999999999267 132
5.5299999999999265 132
5.5399999999999263 132
5.5499999999999261 132
5.5599999999999259 132
5.5699999999999257 132
5.5799999999999255 132
5.5899999999999253 132
5.599999999999925 132
5.6099999999999248 132
5.6199999999999246 132
5.6299999999999244 132
5.6399999999999242 132
5.649999999999924 132
5.6599999999999238 132
5.6699999999999235 132
5.6799999999999233 132
5.6899999999999231 132
5.6999999999999229 132
5.7099999999999227 132
5.7199999999999225 132
5.7299999999999223 132
5.7399999999999221 132
5.7499999999999218 132
5.7599999999999216 132
5.7699999999999214 132
5.7799999999999212 132
5.789999999999921 132
5.7999999999999208 132
5.8099999999999206 132
5.8199999999999203 132
5.8299999999999201 132
5.8399999999999199 132
5.8499999999999197 132
5.8599999999999195 132
5.8699999999999193 132
5.8799999999999191 132
5.8899999999999189 132
5.8999999999999186 132
5.9099999999999184 132
5.9199999999999182 132
5.929999999999918 132
5.9399999999999178 132
5.9499999999999176 132
5.9599999999999174 132
5.9699999999999172 132
5.9799999999999169 132
5.9899999999999167 132
5.9999999999999165 132
6.0099999999999163 132
6.0199999999999161 132
6.0299999999999159 132
6.0399999999999157 132
6.0499999999999154 132
6.0599999999999152 132
6.069999999999915 132
6.0799999999999148 132
6.0899999999999146 132
6.0999999999999144 132
6.1099999999999142 132
6.119999999999914 132
6.1299999999999137 132
6.1399999999999135 132
6.1499999999999133 132
6.1599999999999131 132
6.1699999999999129 132
6.1799999999999127 132
6.1899999999999125 132
6.1999999999999122 132
6.209999999999912 132
6.2199999999999118 132
6.2299999999999116 132
6.2399999999999114 132
6.2499999999999112 132
6.259999999999911 132
6.2699999999999108 132
6.2799999999999105 132
6.2899999999999103 132
6.2999999999999101 132
6.3099999999999099 132
6.3199999999999097 132
6.3299999999999095 132
6.3399999999999093 132
6.3499999999999091 132
6.3599999999999088 132
6.3699999999999086 132
6.3799999999999084 132
6.3899999999999082 132
6.399999999999908 132
6.4099999999999078 132
6.4199999999999076 132
6.4299999999999073 132
6.4399999999999071 132
6.4499999999999069 132
6.4599999999999067 132
6.4699999999999065 132
6.4799999999999063 132
6.4899999999999061 132
6.4999999999999059 132
6.5099999999999056 132
6.5199999999999054 132
6.5299999999999052 132
6.539999999999905 132
6.5499999999999048 132
6.5599999999999046 132
6.5699999999999044 132
6.5799999999999041 132
6.5899999999999039 132
6.5999999999999037 132
6.6099999999999035 132
6.6199999999999033 132
6.6299999999999031 132
6.6399999999999029 132
6.6499999999999027 132
6.6599999999999024 132
6.6699999999999022 132
6.679999999999902 132
6.6899999999999018 132
6.6999999999999016 132
6.7099999999999014 132
6.7199999999999012 132
6.729999999999901 132
6.7399999999999007 132
6.7499999999999005 132
6.7599999999999003 132
6.7699999999999001 132
6.7799999999998999 132
6.7899999999998997 132
6.7999999999998995 132
6.8099999999998992 132
6.819999999999899 132
6.8299999999998988 132
6.8399999999998986 132
6.8499999999998984 132
6.8599999999998982 132
6.869999999999898 132
6.8799999999998978 132
6.8899999999998975 132
6.8999999999998973 132
6.9099999999998971 132
6.9199999999998969 132
6.9299999999998967 132
6.9399999999998965 132
6.9499999999998963 132
6.959999999999896 132
6.9699999999998958 132
6.9799999999998956 132
6.9899999999998954 132
6.9999999999998952 132
7.009999999999895 132
7.0199999999998948 132
7.0299999999998946 132
7.0399999999998943 132
7.0499999999998941 132
7.0599999999998939 132
7.0699999999998937 132
7.0799999999998935 132
7.0899999999998933 132
7.0999999999998931 132
7.1099999999998929 132
7.1199999999998926 132
7.1299999999998924 132
7.1399999999998922 132
7.149999999999892 132
7.1599999999998918 132
7.1699999999998916 132
7.1799999999998914 132
7.1899999999998911 132
7.1999999999998909 132
7.2099999999998907 132
7.2199999999998905 132
7.2299999999998903 132
7.2399999999998901 132
7.2499999999998899 132
7.2599999999998897 132
7.2699999999998894 132
7.2799999999998892 132
7.289999999999889 132
7.2999999999998888 132
7.3099999999998886 132
7.3199999999998884 132
7.3299999999998882 132
7.3399999999998879 132
7.3499999999998877 132
7.3599999999998875 132
7.3699999999998873 132
7.3799999999998871 132
7.3899999999998869 132
7.3999999999998867 132
7.4099999999998865 132
7.4199999999998862 132
7.429999999999886 132
7.4399999999998858 132
7.4499999999998856 132
7.4599999999998854 132
7.4699999999998852 132
7.479999999999885 132
7.4899999999998847 132
7.4999999999998845 132
7.5099999999998843 132
7.5199999999998841 132
7.5299999999998839 132
7.5399999999998837 132
7.5499999999998835 132
7.5599999999998833 132
7.569999999999883 132
7.5799999999998828 132
7.5899999999998826 132
7.5999999999998824 132
7.6099999999998822 132
7.619999999999882 132
7.6299999999998818 132
7.6399999999998816 132
7.6499999999998813 132
7.6599999999998811 132
7.6699999999998809 132
7.6799999999998807 132
7.6899999999998805 132
7.6999999999998803 132
7.7099999999998801 132
7.7199999999998798 132
7.7299999999998796 132
7.7399999999998794 132
7.7499999999998792 132
7.759999999999879 132
7.7699999999998788 132
7.7799999999998786 132
7.7899999999998784 132
7.7999999999998781 132
7.8099999999998779 132
7.8199999999998777 132
7.8299999999998775 132
7.8399999999998773 132
7.8499999999998771 132
7.8599999999998769 132
7.8699999999998766 132
7.8799999999998764 132
7.8899999999998762 132
7.899999999999876 132
7.9099999999998758 132
7.9199999999998756 132
7.9299999999998754 132
7.9399999999998752 132
7.9499999999998749 132
7.9599999999998747 132
7.9699999999998745 132
7.9799999999998743 132
7.9899999999998741 132
7.9999999999998739 132
8.0099999999998737 132
8.0199999999998735 132
8.0299999999998732 132
8.039999999999873 132
8.0499999999998728 132
8.0599999999998726 132
8.0699999999998724 132
8.0799999999998722 132
8.089999999999872 132
8.0999999999998717 132
8.1099999999998715 132
8.1199999999998713 132
8.1299999999998711 132
8.1399999999998709 132
8.1499999999998707 132
8.1599999999998705 132
8.1699999999998703 132
8.17999999999987 132
8.1899999999998698 132
8.1999999999998696 132
8.2099999999998694 132
8.2199999999998692 132
8.229999999999869 132
8.2399999999998688 132
8.2499999999998685 132
8.2599999999998683 132
8.2699999999998681 132
8.2799999999998679 132
8.2899999999998677 132
8.2999999999998675 132
8.3099999999998673 132
8.3199999999998671 132
8.3299999999998668 132
8.3399999999998666 132
8.3499999999998664 132
8.3599999999998662 132
8.369999999999866 132
8.3799999999998658 132
8.3899999999998656 132
8.3999999999998654 132
8.4099999999998651 132
8.4199999999998649 132
8.4299999999998647 132
8.4399999999998645 132
8.4499999999998643 132
8.4599999999998641 132
8.4699999999998639 132
8.4799999999998636 132
8.4899999999998634 132
8.4999999999998632 132
8.509999999999863 132
8.5199999999998628 132
8.5299999999998626 132
8.5399999999998624 132
8.5499999999998622 132
8.5599999999998619 132
8.5699999999998617 132
8.5799999999998615 132
8.5899999999998613 132
8.5999999999998611 132
8.6099999999998609 132
8.6199999999998607 132
8.6299999999998604 132
8.6399999999998602 132
8.64999999999986 132
8.6599999999998598 132
8.6699999999998596 132
8.6799999999998594 132
8.6899999999998592 132
8.699999999999859 132
8.7099999999998587 132
8.7199999999998585 132
8.7299999999998583 132
8.7399999999998581 132
8.7499999999998579 132
8.7599999999998577 132
8.7699999999998575 132
8.7799999999998573 132
8.789999999999857 132
8.7999999999998568 132
8.8099999999998566 132
8.8199999999998564 132
8.8299999999998562 132
8.839999999999856 132
8.8499999999998558 132
8.8599999999998555 132
8.8699999999998553 132
8.8799999999998551 132
8.8899999999998549 132
8.8999999999998547 132
8.9099999999998545 132
8.9199999999998543 132
8.9299999999998541 132
8.9399999999998538 132
8.9499999999998536 132
8.9599999999998534 132
8.9699999999998532 132
8.979999999999853 132
8.9899999999998528 132
8.9999999999998526 132
9.0099999999998523 132
9.0199999999998521 132
9.0299999999998519 132
9.0399999999998517 132
9.0499999999998515 132
9.0599999999998513 132
9.0699999999998511 132
9.0799999999998509 132
9.0899999999998506 132
9.0999999999998504 132
9.1099999999998502 132
9.11999999999985 132
9.1299999999998498 132
9.1399999999998496 132
9.1499999999998494 132
9.1599999999998492 132
9.1699999999998489 132
9.1799999999998487 132
9.1899999999998485 132
9.1999999999998483 132
9.2099999999998481 132
9.2199999999998479 132
9.2299999999998477 132
9.2399999999998474 132
9.2499999999998472 132
9.259999999999847 132
9.2699999999998468 132
9.2799999999998466 132
9.2899999999998464 132
9.2999999999998462 132
9.309999999999846 132
9.3199999999998457 132
9.3299999999998455 132
9.3399999999998453 132
9.3499999999998451 132
9.3599999999998449 132
9.3699999999998447 132
9.3799999999998445 132
9.3899999999998442 132
9.399999999999844 132
9.4099999999998438 132
9.4199999999998436 132
9.4299999999998434 132
9.4399999999998432 132
9.449999999999843 132
9.4599999999998428 132
9.4699999999998425 132
9.4799999999998423 132
9.4899999999998421 132
9.4999999999998419 132
9.5099999999998417 132
9.5199999999998415 132
9.5299999999998413 132
9.5399999999998411 132
9.5499999999998408 132
9.5599999999998406 132
9.5699999999998404 132
9.5799999999998402 132
9.58999999999984 132
9.5999999999998398 132
9.6099999999998396 132
9.6199999999998393 132
9.6299999999998391 132
9.6399999999998389 132
9.6499999999998387 132
9.6599999999998385 132
9.6699999999998383 132
9.6799999999998381 132
9.6899999999998379 132
9.6999999999998376 132
9.7099999999998374 132
9.7199999999998372 132
9.729999999999837 132
9.7399999999998368 132
9.7499999999998366 132
9.7599999999998364 132
9.7699999999998361 132
9.7799999999998359 132
9.7899999999998357 132
9.7999999999998355 132
9.8099999999998353 132
9.8199999999998351 132
9.8299999999998349 132
9.8399999999998347 132
9.8499999999998344 132
9.8599999999998342 132
9.869999999999834 132
9.8799999999998338 132
9.8899999999998336 132
9.8999999999998334 132
9.9099999999998332 132
9.919999999999833 132
9.9299999999998327 132
9.9399999999998325 132
9.9499999999998323 132
9.9599999999998321 132
9.9699999999998319 132
9.9799999999998317 132
9.9899999999998315 132
9.9999999999998312 132
