0 10
0.01 10
0.02 10
0.029999999999999999 10
0.040000000000000001 10
0.050000000000000003 10
0.060000000000000005 10
0.070000000000000007 10
0.080000000000000002 10
0.089999999999999997 10
0.099999999999999992 10
0.10999999999999999 19
0.11999999999999998 20
0.12999999999999998 20
0.13999999999999999 20
0.14999999999999999 20
0.16 20
0.17000000000000001 20
0.18000000000000002 20
0.19000000000000003 20
0.20000000000000004 20
0.21000000000000005 27
0.22000000000000006 36
0.23000000000000007 40
0.24000000000000007 40
0.25000000000000006 40
0.26000000000000006 40
0.27000000000000007 40
0.28000000000000008 40
0.29000000000000009 40
0.3000000000000001 40
0.31000000000000011 46
0.32000000000000012 55
0.33000000000000013 63
0.34000000000000014 71
0.35000000000000014 79
0.36000000000000015 80
0.37000000000000016 80
0.38000000000000017 80
0.39000000000000018 80
0.40000000000000019 80
0.4100000000000002 85
0.42000000000000021 93
0.43000000000000022 102
0.44000000000000022 110
0.45000000000000023 118
0.46000000000000024 121
0.47000000000000025 121
0.48000000000000026 122
0.49000000000000027 122
0.50000000000000022 122
0.51000000000000023 123
0.52000000000000024 123
0.53000000000000025 123
0.54000000000000026 124
0.55000000000000027 124
0.56000000000000028 125
0.57000000000000028 125
0.58000000000000029 126
0.5900000000000003 126
0.60000000000000031 126
0.61000000000000032 127
0.62000000000000033 127
0.63000000000000034 128
0.64000000000000035 128
0.65000000000000036 128
0.66000000000000036 129
0.67000000000000037 129
0.68000000000000038 130
0.69000000000000039 130
0.7000000000000004 130
0.71000000000000041 131
0.72000000000000042 131
0.73000000000000043 132
0.74000000000000044 132
0.75000000000000044 132
0.76000000000000045 133
0.77000000000000046 133
0.78000000000000047 134
0.79000000000000048 134
0.80000000000000049 134
0.8100000000000005 135
0.82000000000000051 135
0.83000000000000052 136
0.84000000000000052 136
0.85000000000000053 136
0.86000000000000054 137
0.87000000000000055 137
0.88000000000000056 132
0.89000000000000057 128
0.90000000000000058 123
0.91000000000000059 119
0.9200000000000006 115
0.9300000000000006 110
0.94000000000000061 106
0.95000000000000062 101
0.96000000000000063 97
0.97000000000000064 95
0.98000000000000065 95
0.99000000000000066 95
1.0000000000000007 95
1.0100000000000007 95
1.0200000000000007 95
1.0300000000000007 95
1.0400000000000007 95
1.0500000000000007 95
1.0600000000000007 95
1.0700000000000007 95
1.0800000000000007 95
1.0900000000000007 95
1.1000000000000008 95
1.1100000000000008 95
1.1200000000000008 95
1.1300000000000008 95
1.1400000000000008 95
1.1500000000000008 95
1.1600000000000008 95
1.1700000000000008 96
1.1800000000000008 96
1.1900000000000008 96
1.2000000000000008 96
1.2100000000000009 97
1.2200000000000009 97
1.2300000000000009 97
1.2400000000000009 98
1.2500000000000009 98
1.2600000000000009 98
1.2700000000000009 98
1.2800000000000009 99
1.2900000000000009 99
1.3000000000000009 99
1.3100000000000009 99
1.320000000000001 100
1.330000000000001 100
1.340000000000001 100
1.350000000000001 100
1.360000000000001 101
1.370000000000001 101
1.380000000000001 101
1.390000000000001 101
1.400000000000001 102
1.410000000000001 102
1.420000000000001 102
1.430000000000001 102
1.4400000000000011 103
1.4500000000000011 103
1.4600000000000011 103
1.4700000000000011 103
1.4800000000000011 103
1.4900000000000011 104
1.5000000000000011 104
1.5100000000000011 104
1.5200000000000011 104
1.5300000000000011 105
1.5400000000000011 105
1.5500000000000012 105
1.5600000000000012 105
1.5700000000000012 106
1.5800000000000012 106
1.5900000000000012 106
1.6000000000000012 106
1.6100000000000012 106
1.6200000000000012 107
1.6300000000000012 107
1.6400000000000012 107
1.6500000000000012 107
1.6600000000000013 108
1.6700000000000013 108
1.6800000000000013 108
1.6900000000000013 108
1.7000000000000013 109
1.7100000000000013 109
1.7200000000000013 109
1.7300000000000013 109
1.7400000000000013 109
1.7500000000000013 109
1.7600000000000013 109
1.7700000000000014 110
1.7800000000000014 110
1.7900000000000014 110
1.8000000000000014 110
1.8100000000000014 111
1.8200000000000014 111
1.8300000000000014 111
1.8400000000000014 111
1.8500000000000014 111
1.8600000000000014 111
1.8700000000000014 111
1.8800000000000014 112
1.8900000000000015 112
1.9000000000000015 112
1.9100000000000015 112
1.9200000000000015 113
1.9300000000000015 113
1.9400000000000015 113
1.9500000000000015 113
1.9600000000000015 113
1.9700000000000015 113
1.9800000000000015 113
1.9900000000000015 114
2.0000000000000013 114
2.0100000000000011 114
2.0200000000000009 114
2.0300000000000007 115
2.0400000000000005 115
2.0500000000000003 115
2.0600000000000001 115
2.0699999999999998 115
2.0799999999999996 115
2.0899999999999994 115
2.0999999999999992 116
2.109999999999999 116
2.1199999999999988 116
2.1299999999999986 116
2.1399999999999983 116
2.1499999999999981 116
2.1599999999999979 116
2.1699999999999977 117
2.1799999999999975 117
2.1899999999999973 117
2.1999999999999971 117
2.2099999999999969 117
2.2199999999999966 117
2.2299999999999964 118
2.2399999999999962 118
2.249999999999996 118
2.2599999999999958 118
2.2699999999999956 118
2.2799999999999954 118
2.2899999999999952 118
2.2999999999999949 119
2.3099999999999947 119
2.3199999999999945 119
2.3299999999999943 119
2.3399999999999941 119
2.3499999999999939 119
2.3599999999999937 120
2.3699999999999934 120
2.3799999999999932 120
2.389999999999993 120
2.3999999999999928 120
2.4099999999999926 120
2.4199999999999924 120
2.4299999999999922 121
2.439999999999992 121
2.4499999999999917 121
2.4599999999999915 121
2.4699999999999913 121
2.4799999999999911 121
2.4899999999999909 122
2.4999999999999907 122
2.5099999999999905 122
2.5199999999999902 122
2.52999999999999 122
2.5399999999999898 122
2.5499999999999896 122
2.5599999999999894 122
2.5699999999999892 123
2.579999999999989 123
2.5899999999999888 123
2.5999999999999885 123
2.6099999999999883 123
2.6199999999999881 123
2.6299999999999879 123
2.6399999999999877 124
2.6499999999999875 124
2.6599999999999873 124
2.6699999999999871 124
2.6799999999999868 124
2.6899999999999866 124
2.6999999999999864 124
2.7099999999999862 124
2.719999999999986 125
2.7299999999999858 125
2.7399999999999856 125
2.7499999999999853 125
2.7599999999999851 125
2.7699999999999849 125
2.7799999999999847 125
2.7899999999999845 125
2.7999999999999843 126
2.8099999999999841 126
2.8199999999999839 126
2.8299999999999836 126
2.8399999999999834 126
2.8499999999999832 126
2.859999999999983 126
2.8699999999999828 126
2.8799999999999826 127
2.8899999999999824 127
2.8999999999999821 127
2.9099999999999819 127
2.9199999999999817 127
2.9299999999999815 127
2.9399999999999813 127
2.9499999999999811 128
2.9599999999999809 128
2.9699999999999807 128
2.9799999999999804 128
2.9899999999999802 128
2.99999999999998 128
3.0099999999999798 128
3.0199999999999796 128
3.0299999999999794 128
3.0399999999999792 128
3.049999999999979 129
3.0599999999999787 129
3.0699999999999785 129
3.0799999999999783 129
3.0899999999999781 129
3.0999999999999779 129
3.1099999999999777 129
3.1199999999999775 129
3.1299999999999772 129
3.139999999999977 129
3.1499999999999768 129
3.1599999999999766 129
3.1699999999999764 129
3.1799999999999762 130
3.189999999999976 130
3.1999999999999758 130
3.2099999999999755 130
3.2199999999999753 130
3.2299999999999751 130
3.2399999999999749 130
3.2499999999999747 130
3.2599999999999745 130
3.2699999999999743 130
3.279999999999974 130
3.2899999999999738 130
3.2999999999999736 130
3.3099999999999734 131
3.3199999999999732 131
3.329999999999973 131
3.3399999999999728 131
3.3499999999999726 131
3.3599999999999723 131
3.3699999999999721 131
3.3799999999999719 131
3.3899999999999717 131
3.3999999999999715 131
3.4099999999999713 131
3.4199999999999711 131
3.4299999999999708 131
3.4399999999999706 132
3.4499999999999704 132
3.4599999999999702 132
3.46999999999997 132
3.4799999999999698 128
3.4899999999999696 124
3.4999999999999694 120
3.5099999999999691 116
3.5199999999999689 112
3.5299999999999687 108
3.5399999999999685 104
3.5499999999999683 100
3.5599999999999681 96
3.5699999999999679 92
3.5799999999999677 92
3.5899999999999674 92
3.5999999999999672 92
3.609999999999967 92
3.6199999999999668 92
3.6299999999999666 92
3.6399999999999664 92
3.6499999999999662 92
3.6599999999999659 92
3.6699999999999657 92
3.6799999999999655 92
3.6899999999999653 92
3.6999999999999651 92
3.7099999999999649 92
3.7199999999999647 92
3.7299999999999645 92
3.7399999999999642 92
3.749999999999964 92
3.7599999999999638 93
3.7699999999999636 93
3.7799999999999634 93
3.7899999999999632 93
3.799999999999963 93
3.8099999999999627 93
3.8199999999999625 94
3.8299999999999623 94
3.8399999999999621 94
3.8499999999999619 94
3.8599999999999617 94
3.8699999999999615 95
3.8799999999999613 95
3.889999999999961 95
3.8999999999999608 95
3.9099999999999606 95
3.9199999999999604 95
3.9299999999999602 96
3.93999999999996 96
3.9499999999999598 96
3.9599999999999596 96
3.9699999999999593 96
3.9799999999999591 96
3.9899999999999589 97
3.9999999999999587 97
4.0099999999999589 97
4.0199999999999587 97
4.0299999999999585 97
4.0399999999999583 97
4.0499999999999581 97
4.0599999999999579 98
4.0699999999999577 98
4.0799999999999574 98
4.0899999999999572 98
4.099999999999957 98
4.1099999999999568 98
4.1199999999999566 99
4.1299999999999564 99
4.1399999999999562 99
4.1499999999999559 99
4.1599999999999557 99
4.1699999999999555 99
4.1799999999999553 99
4.1899999999999551 99
4.1999999999999549 99
4.2099999999999547 99
4.2199999999999545 100
4.2299999999999542 100
4.239999999999954 100
4.2499999999999538 100
4.2599999999999536 100
4.2699999999999534 100
4.2799999999999532 100
4.289999999999953 100
4.2999999999999527 100
4.3099999999999525 100
4.3199999999999523 101
4.3299999999999521 101
4.3399999999999519 101
4.3499999999999517 101
4.3599999999999515 101
4.3699999999999513 101
4.379999999999951 101
4.3899999999999508 101
4.3999999999999506 101
4.4099999999999504 101
4.4199999999999502 101
4.42999999999995 101
4.4399999999999498 101
4.4499999999999496 101
4.4599999999999493 101
4.4699999999999491 101
4.4799999999999489 101
4.4899999999999487 101
4.4999999999999485 101
4.5099999999999483 101
4.5199999999999481 101
4.5299999999999478 101
4.5399999999999476 101
4.5499999999999474 101
4.5599999999999472 101
4.569999999999947 101
4.5799999999999468 101
4.5899999999999466 101
4.5999999999999464 101
4.6099999999999461 101
4.6199999999999459 101
4.6299999999999457 101
4.6399999999999455 101
4.6499999999999453 101
4.6599999999999451 101
4.6699999999999449 101
4.6799999999999446 10
4.6899999999999444 10
4.6999999999999442 10
4.709999999999944 10
4.7199999999999438 10
4.7299999999999436 10
4.7399999999999434 10
4.7499999999999432 10
4.7599999999999429 10
4.7699999999999427 10
4.7799999999999425 10
4.7899999999999423 10
4.7999999999999421 10
4.8099999999999419 10
4.8199999999999417 10
4.8299999999999415 10
4.8399999999999412 10
4.849999999999941 10
4.8599999999999408 10
4.8699999999999406 10
4.8799999999999404 10
4.8899999999999402 10
4.89999999999994 10
4.9099999999999397 10
4.9199999999999395 10
4.9299999999999393 10
4.9399999999999391 10
4.9499999999999389 10
4.9599999999999387 10
4.9699999999999385 10
4.9799999999999383 10
4.989999999999938 10
4.9999999999999378 10
5.0099999999999376 10
5.0199999999999374 10
5.0299999999999372 10
5.039999999999937 10
5.0499999999999368 10
5.0599999999999365 10
5.0699999999999363 10
5.0799999999999361 10
5.0899999999999359 10
5.0999999999999357 10
5.1099999999999355 10
5.1199999999999353 10
5.1299999999999351 10
5.1399999999999348 10
5.1499999999999346 10
5.1599999999999344 10
5.1699999999999342 10
5.179999999999934 10
5.1899999999999338 10
5.1999999999999336 10
5.2099999999999334 10
5.2199999999999331 10
5.2299999999999329 10
5.2399999999999327 10
5.2499999999999325 10
5.2599999999999323 10
5.2699999999999321 10
5.2799999999999319 10
5.2899999999999316 10
5.2999999999999314 10
5.3099999999999312 10
5.319999999999931 10
5.3299999999999308 10
5.3399999999999306 10
5.3499999999999304 10
5.3599999999999302 10
5.3699999999999299 10
5.3799999999999297 10
5.3899999999999295 10
5.3999999999999293 10
5.4099999999999291 10
5.4199999999999289 10
5.4299999999999287 10
5.4399999999999284 10
5.4499999999999282 10
5.459999999999928 10
5.4699999999999278 10
5.4799999999999276 10
5.4899999999999274 10
5.4999999999999272 10
5.509999999999927 10
5.5199999999999267 10
5.5299999999999265 10
5.5399999999999263 10
5.5499999999999261 10
5.5599999999999259 10
5.5699999999999257 10
5.5799999999999255 10
5.5899999999999253 10
5.599999999999925 10
5.6099999999999248 10
5.6199999999999246 10
5.6299999999999244 10
5.6399999999999242 10
5.649999999999924 10
5.6599999999999238 10
5.6699999999999235 10
5.6799999999999233 10
5.6899999999999231 10
5.6999999999999229 10
5.7099999999999227 10
5.7199999999999225 10
5.7299999999999223 10
5.7399999999999221 10
5.7499999999999218 10
5.7599999999999216 10
5.7699999999999214 10
5.7799999999999212 10
5.789999999999921 10
5.7999999999999208 10
5.8099999999999206 10
5.8199999999999203 10
5.8299999999999201 10
5.8399999999999199 10
5.8499999999999197 10
5.8599999999999195 10
5.8699999999999193 10
5.8799999999999191 10
5.8899999999999189 10
5.8999999999999186 10
5.9099999999999184 10
5.9199999999999182 10
5.929999999999918 10
5.9399999999999178 10
5.9499999999999176 10
5.9599999999999174 10
5.9699999999999172 10
5.9799999999999169 10
5.9899999999999167 10
5.9999999999999165 10
6.0099999999999163 10
6.0199999999999161 10
6.0299999999999159 10
6.0399999999999157 10
6.0499999999999154 10
6.0599999999999152 10
6.069999999999915 10
6.0799999999999148 10
6.0899999999999146 10
6.0999999999999144 10
6.1099999999999142 10
6.119999999999914 10
6.1299999999999137 10
6.1399999999999135 10
6.1499999999999133 10
6.1599999999999131 10
6.1699999999999129 10
6.1799999999999127 10
6.1899999999999125 10
6.1999999999999122 10
6.209999999999912 10
6.2199999999999118 10
6.2299999999999116 10
6.2399999999999114 10
6.2499999999999112 10
6.259999999999911 10
6.2699999999999108 10
6.2799999999999105 10
6.2899999999999103 10
6.2999999999999101 10
6.3099999999999099 10
6.3199999999999097 10
6.3299999999999095 10
6.3399999999999093 10
6.3499999999999091 10
6.3599999999999088 10
6.3699999999999086 10
6.3799999999999084 10
6.3899999999999082 10
6.399999999999908 10
6.4099999999999078 10
6.4199999999999076 10
6.4299999999999073 10
6.4399999999999071 10
6.4499999999999069 10
6.4599999999999067 10
6.4699999999999065 10
6.4799999999999063 10
6.4899999999999061 10
6.4999999999999059 10
6.5099999999999056 10
6.5199999999999054 10
6.5299999999999052 10
6.539999999999905 10
6.5499999999999048 10
6.5599999999999046 10
6.5699999999999044 10
6.5799999999999041 10
6.5899999999999039 10
6.5999999999999037 10
6.6099999999999035 10
6.6199999999999033 10
6.6299999999999031 10
6.6399999999999029 10
6.6499999999999027 10
6.6599999999999024 10
6.6699999999999022 10
6.679999999999902 10
6.6899999999999018 10
6.6999999999999016 10
6.7099999999999014 10
6.7199999999999012 10
6.729999999999901 10
6.7399999999999007 10
6.7499999999999005 10
6.7599999999999003 10
6.7699999999999001 10
6.7799999999998999 10
6.7899999999998997 10
6.7999999999998995 10
6.8099999999998992 10
6.819999999999899 10
6.8299999999998988 10
6.8399999999998986 10
6.8499999999998984 10
6.8599999999998982 10
6.869999999999898 10
6.8799999999998978 10
6.8899999999998975 10
6.8999999999998973 10
6.9099999999998971 10
6.9199999999998969 10
6.9299999999998967 10
6.9399999999998965 10
6.9499999999998963 10
6.959999999999896 10
6.9699999999998958 10
6.9799999999998956 10
6.9899999999998954 10
6.9999999999998952 10
7.009999999999895 10
7.0199999999998948 10
7.0299999999998946 10
7.0399999999998943 10
7.0499999999998941 10
7.0599999999998939 10
7.0699999999998937 10
7.0799999999998935 10
7.0899999999998933 10
7.0999999999998931 10
7.1099999999998929 10
7.1199999999998926 10
7.1299999999998924 10
7.1399999999998922 10
7.149999999999892 10
7.1599999999998918 10
7.1699999999998916 10
7.1799999999998914 10
7.1899999999998911 10
7.1999999999998909 10
7.2099999999998907 10
7.2199999999998905 10
7.2299999999998903 10
7.2399999999998901 10
7.2499999999998899 10
7.2599999999998897 10
7.2699999999998894 10
7.2799999999998892 10
7.289999999999889 10
7.2999999999998888 10
7.3099999999998886 10
7.3199999999998884 10
7.3299999999998882 10
7.3399999999998879 10
7.3499999999998877 10
7.3599999999998875 10
7.3699999999998873 10
7.3799999999998871 10
7.3899999999998869 10
7.3999999999998867 10
7.4099999999998865 10
7.4199999999998862 10
7.429999999999886 10
7.4399999999998858 10
7.4499999999998856 10
7.4599999999998854 10
7.4699999999998852 10
7.479999999999885 10
7.4899999999998847 10
7.4999999999998845 10
7.5099999999998843 10
7.5199999999998841 10
7.5299999999998839 10
7.5399999999998837 10
7.5499999999998835 10
7.5599999999998833 10
7.569999999999883 10
7.5799999999998828 10
7.5899999999998826 10
7.5999999999998824 10
7.6099999999998822 10
7.619999999999882 10
7.6299999999998818 10
7.6399999999998816 10
7.6499999999998813 10
7.6599999999998811 10
7.6699999999998809 10
7.6799999999998807 10
7.6899999999998805 10
7.6999999999998803 10
7.7099999999998801 10
7.7199999999998798 10
7.7299999999998796 10
7.7399999999998794 10
7.7499999999998792 10
7.759999999999879 10
7.7699999999998788 10
7.7799999999998786 10
7.7899999999998784 10
7.7999999999998781 10
7.8099999999998779 10
7.8199999999998777 10
7.8299999999998775 10
7.8399999999998773 10
7.8499999999998771 10
7.8599999999998769 10
7.8699999999998766 10
7.8799999999998764 10
7.8899999999998762 10
7.899999999999876 10
7.9099999999998758 10
7.9199999999998756 10
7.9299999999998754 10
7.9399999999998752 10
7.9499999999998749 10
7.9599999999998747 10
7.9699999999998745 10
7.9799999999998743 10
7.9899999999998741 10
7.9999999999998739 10
8.0099999999998737 10
8.0199999999998735 10
8.0299999999998732 10
8.039999999999873 10
8.0499999999998728 10
8.0599999999998726 10
8.0699999999998724 10
8.0799999999998722 10
8.089999999999872 10
8.0999999999998717 10
8.1099999999998715 10
8.1199999999998713 10
8.1299999999998711 10
8.1399999999998709 10
8.1499999999998707 10
8.1599999999998705 10
8.1699999999998703 10
8.17999999999987 10
8.1899999999998698 10
8.1999999999998696 10
8.2099999999998694 10
8.2199999999998692 10
8.229999999999869 10
8.2399999999998688 10
8.2499999999998685 10
8.2599999999998683 10
8.2699999999998681 10
8.2799999999998679 10
8.2899999999998677 10
8.2999999999998675 10
8.3099999999998673 10
8.3199999999998671 10
8.3299999999998668 10
8.3399999999998666 10
8.3499999999998664 10
8.3599999999998662 10
8.369999999999866 10
8.3799999999998658 10
8.3899999999998656 10
8.3999999999998654 10
8.4099999999998651 10
8.4199999999998649 10
8.4299999999998647 10
8.4399999999998645 10
8.4499999999998643 10
8.4599999999998641 10
8.4699999999998639 10
8.4799999999998636 10
8.4899999999998634 10
8.4999999999998632 10
8.509999999999863 10
8.5199999999998628 10
8.5299999999998626 10
8.5399999999998624 10
8.5499999999998622 10
8.5599999999998619 10
8.5699999999998617 10
8.5799999999998615 10
8.5899999999998613 10
8.5999999999998611 10
8.6099999999998609 10
8.6199999999998607 10
8.6299999999998604 10
8.6399999999998602 10
8.64999999999986 10
8.6599999999998598 10
8.6699999999998596 10
8.6799999999998594 10
8.6899999999998592 10
8.699999999999859 10
8.7099999999998587 10
8.7199999999998585 10
8.7299999999998583 10
8.7399999999998581 10
8.7499999999998579 10
8.7599999999998577 10
8.7699999999998575 10
8.7799999999998573 10
8.789999999999857 10
8.7999999999998568 10
8.8099999999998566 10
8.8199999999998564 10
8.8299999999998562 10
8.839999999999856 10
8.8499999999998558 10
8.8599999999998555 10
8.8699999999998553 10
8.8799999999998551 10
8.8899999999998549 10
8.8999999999998547 10
8.9099999999998545 10
8.9199999999998543 10
8.9299999999998541 10
8.9399999999998538 10
8.9499999999998536 10
8.9599999999998534 10
8.9699999999998532 10
8.979999999999853 10
8.9899999999998528 10
8.9999999999998526 10
9.0099999999998523 10
9.0199999999998521 10
9.0299999999998519 10
9.0399999999998517 10
9.0499999999998515 10
9.0599999999998513 10
9.0699999999998511 10
9.0799999999998509 10
9.0899999999998506 10
9.0999999999998504 10
9.1099999999998502 10
9.11999999999985 10
9.1299999999998498 10
9.1399999999998496 10
9.1499999999998494 10
9.1599999999998492 10
9.1699999999998489 10
9.1799999999998487 10
9.1899999999998485 10
9.1999999999998483 10
9.2099999999998481 10
9.2199999999998479 10
9.2299999999998477 10
9.2399999999998474 10
9.2499999999998472 10
9.259999999999847 10
9.2699999999998468 10
9.2799999999998466 10
9.2899999999998464 10
9.2999999999998462 10
9.309999999999846 10
9.3199999999998457 10
9.3299999999998455 10
9.3399999999998453 10
9.3499999999998451 10
9.3599999999998449 10
9.3699999999998447 10
9.3799999999998445 10
9.3899999999998442 10
9.399999999999844 10
9.4099999999998438 10
9.4199999999998436 10
9.4299999999998434 10
9.4399999999998432 10
9.449999999999843 10
9.4599999999998428 10
9.4699999999998425 10
9.4799999999998423 10
9.4899999999998421 10
9.4999999999998419 10
9.5099999999998417 10
9.5199999999998415 10
9.5299999999998413 10
9.5399999999998411 10
9.5499999999998408 10
9.5599999999998406 10
9.5699999999998404 10
9.5799999999998402 10
9.58999999999984 10
9.5999999999998398 10
9.6099999999998396 10
9.6199999999998393 10
9.6299999999998391 10
9.6399999999998389 10
9.6499999999998387 10
9.6599999999998385 10
9.6699999999998383 10
9.6799999999998381 10
9.6899999999998379 10
9.6999999999998376 10
9.7099999999998374 10
9.7199999999998372 10
9.729999999999837 10
9.7399999999998368 10
9.7499999999998366 10
9.7599999999998364 10
9.7699999999998361 10
9.7799999999998359 10
9.7899999999998357 10
9.7999999999998355 10
9.8099999999998353 10
9.8199999999998351 10
9.8299999999998349 10
9.8399999999998347 10
9.8499999999998344 10
9.8599999999998342 10
9.869999999999834 10
9.8799999999998338 10
9.8899999999998336 10
9.8999999999998334 10
9.9099999999998332 10
9.919999999999833 10
9.9299999999998327 10
9.9399999999998325 10
9.9499999999998323 10
9.9599999999998321 10
9.9699999999998319 10
9.9799999999998317 10
9.9899999999998315 10
9.9999999999998312 10
